%%MatrixMarket matrix coordinate real general
%
32058 32058 77308
1 31537 1.051617
31537 1 1.051617
2 31539 1.115016
31539 2 1.115016
3 31538 1.051617
31538 3 1.051617
4 31536 1.051617
31536 4 1.051617
5 31537 0.987611
31537 5 0.987611
17 28376 1.050220
28376 17 1.050220
20 25249 1.113845
25249 20 1.113845
21 25249 1.113845
25249 21 1.113845
28 26914 1.284682
26914 28 1.284682
29 26914 1.035599
26914 29 1.035599
32 29341 1.032679
29341 32 1.032679
33 29341 1.032679
29341 33 1.032679
37 27069 1.387051
27069 37 1.387051
38 27069 1.075320
27069 38 1.075320
40 27644 1.063938
27644 40 1.063938
41 27644 1.063938
27644 41 1.063938
46 25387 1.179865
25387 46 1.179865
47 25387 1.108074
25387 47 1.108074
48 31457 1.080048
31457 48 1.080048
49 31457 1.082592
31457 49 1.082592
51 26833 1.040557
26833 51 1.040557
52 26833 1.347149
26833 52 1.347149
54 24284 1.167909
24284 54 1.167909
55 24284 1.166229
24284 55 1.166229
59 27733 1.014795
27733 59 1.014795
65 27527 1.066393
27527 65 1.066393
66 27527 1.066393
27527 66 1.066393
73 28334 1.050870
28334 73 1.050870
74 28334 1.050870
28334 74 1.050870
75 31808 0.989430
31808 75 0.989430
76 28126 0.919533
28126 76 0.919533
76 31808 0.989430
31808 76 0.989430
79 26658 1.083688
26658 79 1.083688
80 26658 1.083688
26658 80 1.083688
84 30105 1.316433
30105 84 1.316433
85 30105 1.029733
30105 85 1.029733
87 20107 1.186287
20107 87 1.186287
88 20107 1.195232
20107 88 1.195232
88 28745 1.023090
28745 88 1.023090
90 29499 1.128839
29499 90 1.128839
91 29499 1.049454
29499 91 1.049454
93 21523 1.283489
21523 93 1.283489
94 21523 1.122188
21523 94 1.122188
94 29907 1.022225
29907 94 1.022225
95 29907 1.022225
29907 95 1.022225
96 31066 1.195168
31066 96 1.195168
97 24077 1.010290
24077 97 1.010290
97 31066 1.005684
31066 97 1.005684
99 29046 1.160885
29046 99 1.160885
100 29046 1.013828
29046 100 1.013828
103 26280 1.132384
26280 103 1.132384
104 26280 1.103911
26280 104 1.103911
111 27165 1.247984
27165 111 1.247984
112 27165 1.163678
27165 112 1.163678
113 29550 1.027975
29550 113 1.027975
119 29853 1.047410
29853 119 1.047410
120 29853 1.149485
29853 120 1.149485
122 31327 0.997570
31327 122 0.997570
124 30382 1.042726
30382 124 1.042726
125 30382 1.188269
30382 125 1.188269
130 29338 1.032679
29338 130 1.032679
131 29338 1.032679
29338 131 1.032679
134 26911 1.035599
26911 134 1.035599
135 26911 1.284682
26911 135 1.284682
137 31974 0.986836
31974 137 0.986836
142 25251 1.113845
25251 142 1.113845
143 25251 1.113845
25251 143 1.113845
146 28377 1.049589
28377 146 1.049589
158 31539 0.993877
31539 158 0.993877
159 31539 0.993877
31539 159 0.993877
171 28379 1.042731
28379 171 1.042731
174 25250 1.113845
25250 174 1.113845
175 25250 1.113845
25250 175 1.113845
180 31976 0.986836
31976 180 0.986836
182 26910 1.281680
26910 182 1.281680
183 26910 1.033575
26910 183 1.033575
186 29337 1.032679
29337 186 1.032679
187 29337 1.032679
29337 187 1.032679
191 27067 1.387051
27067 191 1.387051
192 27067 1.075320
27067 192 1.075320
193 28328 1.050936
28328 193 1.050936
194 27643 1.063938
27643 194 1.063938
195 27643 1.063938
27643 195 1.063938
200 25389 1.171699
25389 200 1.171699
201 25389 1.104196
25389 201 1.104196
202 31459 0.995420
31459 202 0.995420
203 31459 0.995420
31459 203 0.995420
205 26835 1.080340
26835 205 1.080340
206 26835 1.313157
26835 206 1.313157
208 24282 1.138299
24282 208 1.138299
209 24282 1.138299
24282 209 1.138299
211 27015 1.076601
27015 211 1.076601
212 27015 1.220903
27015 212 1.220903
213 27731 1.014795
27731 213 1.014795
219 27526 1.066393
27526 219 1.066393
220 27526 1.066393
27526 220 1.066393
225 23154 1.166351
23154 225 1.166351
226 23154 1.166351
23154 226 1.166351
227 28333 1.050870
28333 227 1.050870
228 28333 1.050870
28333 228 1.050870
229 31809 0.989430
31809 229 0.989430
230 31809 0.989430
31809 230 0.989430
233 26657 1.083688
26657 233 1.083688
234 26657 1.083688
26657 234 1.083688
238 30103 1.316429
30103 238 1.316429
239 30103 1.029732
30103 239 1.029732
241 20109 1.185790
20109 241 1.185790
242 20109 1.195113
20109 242 1.195113
242 28747 1.024820
28747 242 1.024820
244 29501 1.160360
29501 244 1.160360
245 29501 1.038582
29501 245 1.038582
247 21521 1.282681
21521 247 1.282681
248 21521 1.120582
21521 248 1.120582
248 29905 1.022225
29905 248 1.022225
249 29905 1.022225
29905 249 1.022225
250 31064 1.195168
31064 250 1.195168
251 24079 1.010290
24079 251 1.010290
251 31064 1.005684
31064 251 1.005684
253 29044 1.160885
29044 253 1.160885
254 29044 1.013828
29044 254 1.013828
257 26282 1.130130
26282 257 1.130130
258 26282 1.103551
26282 258 1.103551
265 27163 1.247824
27163 265 1.247824
266 27163 1.163857
27163 266 1.163857
267 29552 1.027975
29552 267 1.027975
273 29851 1.047410
29851 273 1.047410
274 29851 1.149485
29851 274 1.149485
276 31328 0.997570
31328 276 0.997570
278 30384 1.041645
30384 278 1.041645
279 30384 1.187961
30384 279 1.187961
284 29342 1.032679
29342 284 1.032679
285 29342 1.032679
29342 285 1.032679
288 26916 1.037599
26916 288 1.037599
289 26916 1.263383
26916 289 1.263383
291 31971 0.986836
31971 291 0.986836
296 25255 1.113845
25255 296 1.113845
297 25255 1.113845
25255 297 1.113845
300 28373 1.049482
28373 300 1.049482
312 31538 0.987611
31538 312 0.987611
313 31538 0.987611
31538 313 0.987611
325 28378 1.042731
28378 325 1.042731
328 25253 1.113845
25253 328 1.113845
329 25253 1.113845
25253 329 1.113845
334 31977 0.986836
31977 334 0.986836
336 26909 1.263383
26909 336 1.263383
337 26909 1.037599
26909 337 1.037599
340 29336 1.032679
29336 340 1.032679
341 29336 1.032679
29336 341 1.032679
345 27066 1.387051
27066 345 1.387051
346 27066 1.075320
27066 346 1.075320
348 27642 1.063938
27642 348 1.063938
349 27642 1.063938
27642 349 1.063938
354 25390 1.110286
25390 354 1.110286
355 25390 1.110286
25390 355 1.110286
356 31460 0.995420
31460 356 0.995420
357 31460 0.995420
31460 357 0.995420
359 26836 1.062202
26836 359 1.062202
360 26836 1.332249
26836 360 1.332249
362 24281 1.167909
24281 362 1.167909
363 24281 1.166229
24281 363 1.166229
365 27016 1.076601
27016 365 1.076601
366 27016 1.220903
27016 366 1.220903
367 27730 1.014795
27730 367 1.014795
373 27525 1.066393
27525 373 1.066393
374 27525 1.066393
27525 374 1.066393
381 28332 1.050870
28332 381 1.050870
382 28332 1.050870
28332 382 1.050870
383 31811 0.989430
31811 383 0.989430
384 31811 0.989430
31811 384 0.989430
387 26656 1.083688
26656 387 1.083688
388 26656 1.083688
26656 388 1.083688
392 30104 1.316429
30104 392 1.316429
393 30104 1.029732
30104 393 1.029732
395 20110 1.185790
20110 395 1.185790
396 20110 1.195113
20110 396 1.195113
396 28748 1.026898
28748 396 1.026898
398 29502 1.159765
29502 398 1.159765
399 29502 1.038062
29502 399 1.038062
401 21520 1.282680
21520 401 1.282680
402 21520 1.120581
21520 402 1.120581
402 29904 1.022225
29904 402 1.022225
403 29904 1.022225
29904 403 1.022225
404 31063 1.195168
31063 404 1.195168
405 24080 1.010290
24080 405 1.010290
405 31063 1.005684
31063 405 1.005684
407 29043 1.160885
29043 407 1.160885
408 29043 1.013828
29043 408 1.013828
411 26283 1.091118
26283 411 1.091118
412 26283 1.091118
26283 412 1.091118
419 27162 1.247984
27162 419 1.247984
420 27162 1.163673
27162 420 1.163673
421 29553 1.027975
29553 421 1.027975
427 29850 1.022850
29850 427 1.022850
428 29850 1.022850
29850 428 1.022850
430 31330 0.969881
31330 430 0.969881
432 30385 1.041645
30385 432 1.041645
433 30385 1.187961
30385 433 1.187961
438 29343 1.032679
29343 438 1.032679
439 29343 1.032679
29343 439 1.032679
442 26915 1.035599
26915 442 1.035599
443 26915 1.284682
26915 443 1.284682
450 25254 1.113845
25254 450 1.113845
451 25254 1.113845
25254 451 1.113845
454 28372 1.042205
28372 454 1.042205
466 31536 0.987611
31536 466 0.987611
467 31536 0.987611
31536 467 0.987611
479 28374 1.048360
28374 479 1.048360
482 25252 1.113845
25252 482 1.113845
483 25252 1.113845
25252 483 1.113845
488 31975 0.986836
31975 488 0.986836
490 26912 1.284682
26912 490 1.284682
491 26912 1.035599
26912 491 1.035599
494 29339 1.032679
29339 494 1.032679
495 29339 1.032679
29339 495 1.032679
499 27068 1.387051
27068 499 1.387051
500 27068 1.075320
27068 500 1.075320
502 27645 1.063938
27645 502 1.063938
503 27645 1.063938
27645 503 1.063938
508 25388 1.179865
25388 508 1.179865
509 25388 1.108074
25388 509 1.108074
510 31458 0.995420
31458 510 0.995420
511 31458 0.995420
31458 511 0.995420
513 26834 1.037933
26834 513 1.037933
514 26834 1.345589
26834 514 1.345589
516 24283 1.138299
24283 516 1.138299
517 24283 1.138299
24283 517 1.138299
519 27014 1.076601
27014 519 1.076601
520 27014 1.220903
27014 520 1.220903
521 27732 1.014795
27732 521 1.014795
527 27528 1.066393
27528 527 1.066393
528 27528 1.066393
27528 528 1.066393
533 23153 1.166351
23153 533 1.166351
534 23153 1.166351
23153 534 1.166351
535 28335 1.050870
28335 535 1.050870
536 28335 1.050870
28335 536 1.050870
537 31810 0.989430
31810 537 0.989430
538 28125 0.919533
28125 538 0.919533
538 31810 0.989430
31810 538 0.989430
541 26659 1.083688
26659 541 1.083688
542 26659 1.083688
26659 542 1.083688
546 30106 1.316912
30106 546 1.316912
547 30106 1.030106
30106 547 1.030106
550 28746 1.034739
28746 550 1.034739
552 29500 1.128839
29500 552 1.128839
553 29500 1.049454
29500 553 1.049454
555 21522 1.283489
21522 555 1.283489
556 21522 1.122188
21522 556 1.122188
556 29906 1.022225
29906 556 1.022225
557 29906 1.022225
29906 557 1.022225
558 31065 1.195168
31065 558 1.195168
559 24078 1.010290
24078 559 1.010290
559 31065 1.005684
31065 559 1.005684
561 29045 1.160885
29045 561 1.160885
562 29045 1.013828
29045 562 1.013828
565 26281 1.091118
26281 565 1.091118
566 26281 1.091118
26281 566 1.091118
573 27164 1.247984
27164 573 1.247984
574 27164 1.163673
27164 574 1.163673
575 29551 1.027975
29551 575 1.027975
581 29852 1.022850
29852 581 1.022850
582 29852 1.022850
29852 582 1.022850
584 31329 0.969881
31329 584 0.969881
586 30383 1.029195
30383 586 1.029195
587 30383 1.208386
30383 587 1.208386
592 29340 1.032679
29340 592 1.032679
593 29340 1.032679
29340 593 1.032679
596 26913 1.037599
26913 596 1.037599
597 26913 1.263383
26913 597 1.263383
599 31972 0.986836
31972 599 0.986836
604 25248 1.113845
25248 604 1.113845
605 25248 1.113845
25248 605 1.113845
608 28375 1.048360
28375 608 1.048360
620 31537 0.987611
31537 620 0.987611
621 28012 1.139701
28012 621 1.139701
623 16919 1.246434
16919 623 1.246434
623 31753 0.901633
31753 623 0.901633
624 22292 1.155318
22292 624 1.155318
624 25762 0.985809
25762 624 0.985809
624 29433 1.034313
29433 624 1.034313
625 31752 0.919016
31752 625 0.919016
626 30399 1.120584
30399 626 1.120584
626 31163 1.089846
31163 626 1.089846
627 30398 1.000316
30398 627 1.000316
628 30401 1.107248
30401 628 1.107248
629 30400 1.111877
30400 629 1.111877
630 28743 1.051831
28743 630 1.051831
630 31239 0.926451
31239 630 0.926451
631 21081 1.178919
21081 631 1.178919
631 30404 0.982691
30404 631 0.982691
631 31225 1.324054
31225 631 1.324054
632 26445 1.167434
26445 632 1.167434
632 30086 1.248777
30086 632 1.248777
632 30405 0.910025
30405 632 0.910025
634 18513 1.263342
18513 634 1.263342
634 24452 1.079281
24452 634 1.079281
639 21037 1.087087
21037 639 1.087087
639 28018 1.009635
28018 639 1.009635
640 31256 0.998795
31256 640 0.998795
641 21038 1.088664
21038 641 1.088664
641 28547 1.000578
28547 641 1.000578
642 27987 1.162262
27987 642 1.162262
642 29129 1.156953
29129 642 1.156953
643 28877 1.315197
28877 643 1.315197
644 21152 1.067837
21152 644 1.067837
644 27328 1.101881
27328 644 1.101881
645 22195 1.123400
22195 645 1.123400
645 30247 1.021859
30247 645 1.021859
650 20653 1.257229
20653 650 1.257229
651 17569 1.285860
17569 651 1.285860
651 30585 0.922569
30585 651 0.922569
651 30865 0.901136
30865 651 0.901136
651 30867 1.005240
30867 651 1.005240
652 17568 1.316924
17568 652 1.316924
653 17570 1.313871
17570 653 1.313871
654 24843 1.222303
24843 654 1.222303
654 30458 1.328557
30458 654 1.328557
656 25800 1.026396
25800 656 1.026396
657 25807 1.026488
25807 657 1.026488
658 17123 1.283962
17123 658 1.283962
659 28945 1.148597
28945 659 1.148597
660 19813 1.175997
19813 660 1.175997
660 24948 1.089218
24948 660 1.089218
662 26493 1.171599
26493 662 1.171599
663 18564 1.152684
18564 663 1.152684
664 25671 1.068261
25671 664 1.068261
664 26035 1.095649
26035 664 1.095649
665 25670 1.068261
25670 665 1.068261
665 26034 1.095649
26034 665 1.095649
666 30488 1.057497
30488 666 1.057497
667 17621 1.334683
17621 667 1.334683
668 28059 1.122690
28059 668 1.122690
669 17620 1.371508
17620 669 1.371508
670 22248 1.283195
22248 670 1.283195
672 26540 1.259623
26540 672 1.259623
673 19110 1.124737
19110 673 1.124737
673 25273 1.043984
25273 673 1.043984
673 26956 1.077595
26956 673 1.077595
678 24859 1.123108
24859 678 1.123108
678 24957 0.958880
24957 678 0.958880
679 24860 1.062850
24860 679 1.062850
679 29393 1.159306
29393 679 1.159306
679 30252 0.931859
30252 679 0.931859
680 17489 1.314927
17489 680 1.314927
681 18678 1.198685
18678 681 1.198685
682 21126 1.167168
21126 682 1.167168
683 21125 1.167168
21125 683 1.167168
692 24531 1.109109
24531 692 1.109109
696 27667 1.135971
27667 696 1.135971
696 29696 1.102389
29696 696 1.102389
698 24423 1.125387
24423 698 1.125387
698 30238 1.056131
30238 698 1.056131
700 31807 1.135151
31807 700 1.135151
701 27145 1.041957
27145 701 1.041957
701 28387 1.188772
28387 701 1.188772
704 23078 1.000747
23078 704 1.000747
705 30804 1.010931
30804 705 1.010931
709 21935 1.280077
21935 709 1.280077
710 31814 1.032276
31814 710 1.032276
711 21361 1.281842
21361 711 1.281842
712 21344 1.264353
21344 712 1.264353
713 21362 1.281825
21362 713 1.281825
714 21562 1.161616
21562 714 1.161616
714 23047 1.273003
23047 714 1.273003
715 21563 1.245072
21563 715 1.245072
715 27695 1.186700
27695 715 1.186700
716 21493 1.257499
21493 716 1.257499
716 27701 1.187052
27701 716 1.187052
717 21494 1.154878
21494 717 1.154878
717 23043 1.277520
23043 717 1.277520
719 30589 1.063288
30589 719 1.063288
724 27412 1.100068
27412 724 1.100068
725 26370 1.032143
26370 725 1.032143
725 30491 1.097105
30491 725 1.097105
726 25720 1.103185
25720 726 1.103185
726 30674 1.052567
30674 726 1.052567
727 24974 1.096954
24974 727 1.096954
727 28818 1.224713
28818 727 1.224713
728 25064 1.146693
25064 728 1.146693
728 26426 1.314243
26426 728 1.314243
729 25065 1.145454
25065 729 1.145454
729 26427 1.319477
26427 729 1.319477
730 21955 1.168375
21955 730 1.168375
730 29960 0.996769
29960 730 0.996769
731 25104 1.245287
25104 731 1.245287
731 25338 1.060920
25338 731 1.060920
732 29334 1.121601
29334 732 1.121601
733 26265 1.053399
26265 733 1.053399
734 29332 1.109744
29332 734 1.109744
735 29331 1.109744
29331 735 1.109744
739 30066 1.019350
30066 739 1.019350
740 28751 1.055382
28751 740 1.055382
740 29681 1.025916
29681 740 1.025916
741 26473 1.028584
26473 741 1.028584
746 22051 1.195517
22051 746 1.195517
748 30029 1.120165
30029 748 1.120165
749 30027 1.125677
30027 749 1.125677
751 30025 1.132582
30025 751 1.132582
752 20713 1.298070
20713 752 1.298070
753 20714 1.309356
20714 753 1.309356
759 20866 1.117934
20866 759 1.117934
760 31707 1.074536
31707 760 1.074536
761 31706 1.081921
31706 761 1.081921
766 25558 1.113370
25558 766 1.113370
767 31877 1.012311
31877 767 1.012311
770 27599 1.064577
27599 770 1.064577
776 20876 1.091312
20876 776 1.091312
777 26527 1.059402
26527 777 1.059402
777 28095 1.228862
28095 777 1.228862
778 30740 1.031170
30740 778 1.031170
779 21666 1.210340
21666 779 1.210340
779 23270 1.144745
23270 779 1.144745
779 30852 0.923462
30852 779 0.923462
782 17598 1.288458
17598 782 1.288458
783 30752 1.004427
30752 783 1.004427
788 18173 1.273141
18173 788 1.273141
788 24804 1.272825
24804 788 1.272825
789 18172 1.277393
18172 789 1.277393
790 16735 1.343525
16735 790 1.343525
790 20604 1.166067
20604 790 1.166067
791 18277 1.139217
18277 791 1.139217
791 20603 1.043511
20603 791 1.043511
791 27387 1.013795
27387 791 1.013795
792 18204 1.256306
18204 792 1.256306
792 27834 1.241623
27834 792 1.241623
793 27972 1.027649
27972 793 1.027649
794 27973 1.027649
27973 794 1.027649
795 27835 1.210097
27835 795 1.210097
797 25431 1.307883
25431 797 1.307883
799 25432 1.316590
25432 799 1.316590
804 26098 1.094693
26098 804 1.094693
804 27664 1.189973
27664 804 1.189973
807 26053 0.981541
26053 807 0.981541
807 30987 1.003181
30987 807 1.003181
808 11237 1.259096
11237 808 1.259096
810 27686 1.064530
27686 810 1.064530
811 30274 1.001392
30274 811 1.001392
812 25845 1.142472
25845 812 1.142472
813 25844 1.141455
25844 813 1.141455
814 25846 1.145074
25846 814 1.145074
815 26518 1.135032
26518 815 1.135032
816 28383 1.012869
28383 816 1.012869
816 31583 0.950561
31583 816 0.950561
817 30135 1.196223
30135 817 1.196223
818 28382 1.127875
28382 818 1.127875
818 31013 1.031992
31013 818 1.031992
819 24273 1.138519
24273 819 1.138519
820 28845 1.103075
28845 820 1.103075
821 28846 1.063469
28846 821 1.063469
822 31579 1.030686
31579 822 1.030686
823 20858 1.079526
20858 823 1.079526
823 21819 1.109229
21819 823 1.109229
823 23447 1.031037
23447 823 1.031037
824 29727 1.025071
29727 824 1.025071
826 24011 1.298025
24011 826 1.298025
827 24010 1.147531
24010 827 1.147531
830 22537 1.119420
22537 830 1.119420
830 31886 1.017991
31886 830 1.017991
831 19350 1.164537
19350 831 1.164537
831 31369 0.922709
31369 831 0.922709
832 21492 1.210980
21492 832 1.210980
832 29732 1.032998
29732 832 1.032998
833 20721 1.169825
20721 833 1.169825
838 14403 1.351038
14403 838 1.351038
839 20684 1.238848
20684 839 1.238848
840 24622 1.290155
24622 840 1.290155
840 25737 1.193480
25737 840 1.193480
841 24624 1.294736
24624 841 1.294736
842 24623 1.314406
24623 842 1.314406
844 18176 1.219809
18176 844 1.219809
844 28863 0.998018
28863 844 0.998018
844 30647 1.032996
30647 844 1.032996
845 18174 1.219124
18174 845 1.219124
845 30646 1.057908
30646 845 1.057908
846 18157 1.226553
18157 846 1.226553
846 28407 1.020463
28407 846 1.020463
846 30642 1.061375
30642 846 1.061375
847 18158 1.230179
18158 847 1.230179
847 28761 0.999401
28761 847 0.999401
847 30641 1.032003
30641 847 1.032003
848 21077 1.223734
21077 848 1.223734
848 29549 1.027976
29549 848 1.027976
850 21078 1.223734
21078 850 1.223734
850 29548 1.027976
29548 850 1.027976
851 18376 1.243258
18376 851 1.243258
852 21835 1.207792
21835 852 1.207792
852 23879 1.021382
23879 852 1.021382
853 27407 1.084950
27407 853 1.084950
854 24664 1.139578
24664 854 1.139578
855 29644 1.109898
29644 855 1.109898
855 31345 0.992627
31345 855 0.992627
856 30703 0.928161
30703 856 0.928161
857 30702 0.929992
30702 857 0.929992
858 26417 1.120495
26417 858 1.120495
858 27693 1.124676
27693 858 1.124676
859 31472 0.995088
31472 859 0.995088
860 31451 0.995520
31451 860 0.995520
861 30759 1.060686
30759 861 1.060686
862 31452 0.995520
31452 862 0.995520
863 32057 1.024889
32057 863 1.024889
864 25047 1.108292
25047 864 1.108292
864 31380 1.112591
31380 864 1.112591
865 25048 1.113249
25048 865 1.113249
865 31379 1.112591
31379 865 1.112591
866 25049 1.113249
25049 866 1.113249
866 31378 1.110698
31378 866 1.110698
867 25050 1.113998
25050 867 1.113998
867 31382 1.110698
31382 867 1.110698
868 19425 1.072118
19425 868 1.072118
868 26670 1.079041
26670 868 1.079041
869 21040 1.119369
21040 869 1.119369
869 24954 1.103490
24954 869 1.103490
869 29366 1.008461
29366 869 1.008461
869 30281 0.917201
30281 869 0.917201
870 25341 1.111371
25341 870 1.111371
870 27167 1.039734
27167 870 1.039734
870 27864 1.026496
27864 870 1.026496
870 29412 1.030959
29412 870 1.030959
871 26447 1.245827
26447 871 1.245827
871 27168 1.024164
27168 871 1.024164
871 29950 0.948646
29950 871 0.948646
871 30339 1.106884
30339 871 1.106884
872 17881 1.233109
17881 872 1.233109
872 25497 1.098805
25497 872 1.098805
872 30180 1.139034
30180 872 1.139034
872 31862 0.960564
31862 872 0.960564
873 18265 1.311177
18265 873 1.311177
873 24953 1.120975
24953 873 1.120975
875 28365 1.196331
28365 875 1.196331
875 31281 0.974180
31281 875 0.974180
876 28650 0.972096
28650 876 0.972096
877 28364 1.202912
28364 877 1.202912
877 31280 0.974180
31280 877 0.974180
878 21803 1.062342
21803 878 1.062342
881 16553 1.208158
16553 881 1.208158
881 28265 1.193183
28265 881 1.193183
881 30749 1.067741
30749 881 1.067741
882 30814 1.176828
30814 882 1.176828
883 22352 1.188357
22352 883 1.188357
883 29324 0.984084
29324 883 0.984084
883 29451 0.948584
29451 883 0.948584
884 26868 1.079644
26868 884 1.079644
885 30649 1.009047
30649 885 1.009047
886 29848 1.022851
29848 886 1.022851
887 29384 1.031693
29384 887 1.031693
887 29849 1.022851
29849 887 1.022851
888 27339 1.173747
27339 888 1.173747
889 27340 1.174247
27340 889 1.174247
890 29707 1.046028
29707 890 1.046028
891 23540 1.134789
23540 891 1.134789
891 29601 0.935802
29601 891 0.935802
892 28997 1.008968
28997 892 1.008968
892 29953 0.885322
29953 892 0.885322
893 26486 0.954707
26486 893 0.954707
893 31648 1.098584
31648 893 1.098584
894 16297 1.278545
16297 894 1.278545
894 28767 1.137280
28767 894 1.137280
895 23817 1.113810
23817 895 1.113810
895 28768 1.156649
28768 895 1.156649
896 16299 1.278545
16299 896 1.278545
896 28769 1.137280
28769 896 1.137280
897 28770 1.137280
28770 897 1.137280
899 25415 1.102046
25415 899 1.102046
899 30279 1.035727
30279 899 1.035727
900 27027 1.112252
27027 900 1.112252
901 27026 1.144739
27026 901 1.144739
904 31804 1.064612
31804 904 1.064612
906 29057 1.185563
29057 906 1.185563
907 31941 1.039484
31941 907 1.039484
909 29097 0.973873
29097 909 0.973873
909 31189 1.019264
31189 909 1.019264
910 24732 1.085574
24732 910 1.085574
910 31824 0.923397
31824 910 0.923397
911 24731 1.090157
24731 911 1.090157
911 31823 0.924692
31823 911 0.924692
912 29667 1.000651
29667 912 1.000651
913 29665 1.000284
29665 913 1.000284
914 29668 0.997134
29668 914 0.997134
915 29666 1.000284
29666 915 1.000284
920 25324 1.228975
25324 920 1.228975
921 21641 1.175291
21641 921 1.175291
921 25323 1.223257
25323 921 1.223257
923 31310 0.997792
31310 923 0.997792
926 24066 1.083380
24066 926 1.083380
927 26208 1.092616
26208 927 1.092616
927 31309 0.997792
31309 927 0.997792
929 24067 1.101306
24067 929 1.101306
931 21962 1.208592
21962 931 1.208592
931 25551 1.209464
25551 931 1.209464
933 25549 1.187293
25549 933 1.187293
934 31111 1.001165
31111 934 1.001165
935 21961 1.197165
21961 935 1.197165
935 25548 1.106894
25548 935 1.106894
936 30345 1.017771
30345 936 1.017771
937 22159 1.258091
22159 937 1.258091
937 31100 0.989965
31100 937 0.989965
941 16910 1.289485
16910 941 1.289485
942 24265 1.243841
24265 942 1.243841
945 24268 1.138708
24268 945 1.138708
949 25179 0.931206
25179 949 0.931206
950 19923 1.218454
19923 950 1.218454
950 22947 1.117315
22947 950 1.117315
951 25999 1.114572
25999 951 1.114572
952 18813 1.274309
18813 952 1.274309
954 23157 1.164019
23157 954 1.164019
954 24323 1.200941
24323 954 1.200941
956 23197 1.059439
23197 956 1.059439
956 31992 1.094957
31992 956 1.094957
957 21154 1.245450
21154 957 1.245450
958 24487 1.191307
24487 958 1.191307
959 24486 1.199070
24486 959 1.199070
960 20888 1.249941
20888 960 1.249941
962 13313 1.376364
13313 962 1.376364
966 25053 1.100630
25053 966 1.100630
967 29756 1.322612
29756 967 1.322612
968 29777 1.117425
29777 968 1.117425
969 27969 1.323892
27969 969 1.323892
970 25266 1.099627
25266 970 1.099627
971 27772 1.175924
27772 971 1.175924
974 16730 1.250368
16730 974 1.250368
975 18932 1.287878
18932 975 1.287878
975 30876 1.005123
30876 975 1.005123
975 31566 0.993382
31566 975 0.993382
976 18933 1.287878
18933 976 1.287878
976 31567 0.993382
31567 976 0.993382
977 28750 1.137755
28750 977 1.137755
978 29100 1.113135
29100 978 1.113135
979 24344 1.155328
24344 979 1.155328
980 20628 1.242866
20628 980 1.242866
980 24382 1.148000
24382 980 1.148000
981 20629 1.236963
20629 981 1.236963
981 24383 1.135963
24383 981 1.135963
983 23539 1.113804
23539 983 1.113804
984 30189 1.012158
30189 984 1.012158
985 28831 1.122980
28831 985 1.122980
986 22259 1.129535
22259 986 1.129535
986 28830 1.118668
28830 986 1.118668
986 31087 1.091026
31087 986 1.091026
992 18431 1.245732
18431 992 1.245732
992 21568 1.324409
21568 992 1.324409
993 13873 1.271901
13873 993 1.271901
993 20292 1.075805
20292 993 1.075805
993 30390 1.008635
30390 993 1.008635
996 30969 1.113225
30969 996 1.113225
997 29112 1.036160
29112 997 1.036160
997 30615 1.009531
30615 997 1.009531
997 30968 1.029254
30968 997 1.029254
1000 30114 0.986763
30114 1000 0.986763
1003 27636 1.107365
27636 1003 1.107365
1004 27635 1.107365
27635 1004 1.107365
1005 15145 1.332185
15145 1005 1.332185
1005 20864 1.186122
20864 1005 1.186122
1006 29532 1.054065
29532 1006 1.054065
1007 25318 1.146827
25318 1007 1.146827
1007 27238 1.073051
27238 1007 1.073051
1009 28389 1.125678
28389 1009 1.125678
1010 28390 1.125678
28390 1010 1.125678
1011 31277 1.184530
31277 1011 1.184530
1015 29118 1.028363
29118 1015 1.028363
1016 29119 1.026495
29119 1016 1.026495
1017 27125 1.213484
27125 1017 1.213484
1020 27663 1.221479
27663 1020 1.221479
1021 27961 1.146232
27961 1021 1.146232
1023 28719 1.104358
28719 1023 1.104358
1024 28718 1.043242
28718 1024 1.043242
1032 19108 1.122321
19108 1032 1.122321
1034 22252 1.257861
22252 1034 1.257861
1035 27149 1.087880
27149 1035 1.087880
1036 26338 1.159974
26338 1036 1.159974
1036 27148 1.083638
27148 1036 1.083638
1039 29560 1.235022
29560 1039 1.235022
1041 23945 1.187593
23945 1041 1.187593
1042 23637 1.270459
23637 1042 1.270459
1042 26008 1.170637
26008 1042 1.170637
1042 31132 1.215523
31132 1042 1.215523
1043 26007 1.254453
26007 1043 1.254453
1044 21112 1.127794
21112 1044 1.127794
1044 23112 1.304338
23112 1044 1.304338
1044 25529 1.203285
25529 1044 1.203285
1045 25528 1.266246
25528 1045 1.266246
1046 11920 1.334509
11920 1046 1.334509
1048 11921 1.334509
11921 1048 1.334509
1051 30541 1.237361
30541 1051 1.237361
1058 28885 1.069291
28885 1058 1.069291
1059 28886 1.036653
28886 1059 1.036653
1063 29901 1.000073
29901 1063 1.000073
1063 31687 1.170668
31687 1063 1.170668
1064 29902 1.029940
29902 1064 1.029940
1064 31688 1.156152
31688 1064 1.156152
1065 27942 1.107299
27942 1065 1.107299
1066 27943 1.089386
27943 1066 1.089386
1067 29809 1.065229
29809 1067 1.065229
1068 16968 1.265309
16968 1068 1.265309
1068 30482 1.011967
30482 1068 1.011967
1069 17062 1.259731
17062 1069 1.259731
1069 23484 1.158301
23484 1069 1.158301
1070 17046 1.264327
17046 1070 1.264327
1070 23389 1.160715
23389 1070 1.160715
1073 22509 1.183059
22509 1073 1.183059
1076 18681 1.238619
18681 1076 1.238619
1077 24763 1.045899
24763 1077 1.045899
1081 16966 1.317954
16966 1081 1.317954
1081 25760 1.102147
25760 1081 1.102147
1081 29282 1.033290
29282 1081 1.033290
1081 30565 1.010379
30565 1081 1.010379
1087 23939 1.260982
23939 1087 1.260982
1087 28102 1.090603
28102 1087 1.090603
1088 23938 1.261105
23938 1088 1.261105
1088 28103 1.089478
28103 1088 1.089478
1089 23937 1.260750
23937 1089 1.260750
1089 28100 1.106086
28100 1089 1.106086
1090 23936 1.272439
23936 1090 1.272439
1090 28101 1.074566
28101 1090 1.074566
1091 24692 1.237887
24692 1091 1.237887
1092 27900 1.152505
27900 1092 1.152505
1097 16145 1.399098
16145 1097 1.399098
1098 25721 1.149315
25721 1098 1.149315
1101 29956 1.093940
29956 1101 1.093940
1102 27718 1.131944
27718 1102 1.131944
1102 29695 1.156318
29695 1102 1.156318
1103 19475 1.139711
19475 1103 1.139711
1103 22869 1.173118
22869 1103 1.173118
1104 19508 1.140128
19508 1104 1.140128
1105 19507 1.311443
19507 1105 1.311443
1106 31721 1.210038
31721 1106 1.210038
1107 19814 1.175045
19814 1107 1.175045
1108 19815 1.205440
19815 1108 1.205440
1110 28031 1.255097
28031 1110 1.255097
1112 24259 1.274930
24259 1112 1.274930
1114 24258 1.274930
24258 1114 1.274930
1115 27788 1.061021
27788 1115 1.061021
1116 27978 1.124552
27978 1116 1.124552
1116 28152 0.995921
28152 1116 0.995921
1117 27979 1.168399
27979 1117 1.168399
1117 28151 0.968280
28151 1117 0.968280
1119 31509 1.063860
31509 1119 1.063860
1122 19821 1.260222
19821 1122 1.260222
1122 26938 1.078161
26938 1122 1.078161
1122 27315 1.140843
27315 1122 1.140843
1123 19822 1.260222
19822 1123 1.260222
1123 27316 1.147288
27316 1123 1.147288
1124 18026 1.192724
18026 1124 1.192724
1125 31002 1.004828
31002 1125 1.004828
1125 31934 1.058731
31934 1125 1.058731
1132 29725 1.044707
29725 1132 1.044707
1134 21211 1.197478
21211 1134 1.197478
1134 22262 1.105831
22262 1134 1.105831
1134 25774 0.974964
25774 1134 0.974964
1137 21210 1.243359
21210 1137 1.243359
1138 20649 1.233853
20649 1138 1.233853
1138 30065 0.996178
30065 1138 0.996178
1138 31403 1.012329
31403 1138 1.012329
1138 31667 1.019205
31667 1138 1.019205
1139 20650 1.227160
20650 1139 1.227160
1139 30062 0.997557
30062 1139 0.997557
1139 31402 1.003400
31402 1139 1.003400
1139 31666 1.019282
31666 1139 1.019282
1140 20648 1.231035
20648 1140 1.231035
1140 30063 0.996178
30063 1140 0.996178
1140 31401 1.015161
31401 1140 1.015161
1140 31668 1.019438
31668 1140 1.019438
1141 20651 1.244936
20651 1141 1.244936
1141 30064 0.996178
30064 1141 0.996178
1141 31404 1.022845
31404 1141 1.022845
1142 18996 1.333084
18996 1142 1.333084
1143 18997 1.346981
18997 1143 1.346981
1146 27406 1.079900
27406 1146 1.079900
1149 27280 1.089144
27280 1149 1.089144
1150 27249 1.068253
27249 1150 1.068253
1150 28058 0.933707
28058 1150 0.933707
1151 23117 1.260774
23117 1151 1.260774
1151 29157 1.316759
29157 1151 1.316759
1154 27739 1.062095
27739 1154 1.062095
1155 26025 1.124448
26025 1155 1.124448
1155 27411 1.156390
27411 1155 1.156390
1156 25849 1.129125
25849 1156 1.129125
1157 29685 1.025829
29685 1157 1.025829
1158 29669 1.026138
29669 1158 1.026138
1159 30041 1.057435
30041 1159 1.057435
1160 31001 1.002871
31001 1160 1.002871
1162 25296 1.020452
25296 1162 1.020452
1162 25926 1.004033
25926 1162 1.004033
1164 17399 1.341214
17399 1164 1.341214
1164 19143 1.296182
19143 1164 1.296182
1165 21779 1.125766
21779 1165 1.125766
1166 21780 1.142647
21780 1166 1.142647
1167 27629 1.173003
27629 1167 1.173003
1167 30489 0.983197
30489 1167 0.983197
1168 27628 1.010351
27628 1168 1.010351
1168 30490 0.966843
30490 1168 0.966843
1169 19258 1.277535
19258 1169 1.277535
1170 19259 1.277535
19259 1170 1.277535
1171 19260 1.277535
19260 1171 1.277535
1172 19261 1.277535
19261 1172 1.277535
1173 30821 1.075439
30821 1173 1.075439
1174 28826 1.217901
28826 1174 1.217901
1175 28827 1.041096
28827 1175 1.041096
1175 31206 0.999640
31206 1175 0.999640
1176 30924 1.004242
30924 1176 1.004242
1176 31205 0.999640
31205 1176 0.999640
1177 30925 1.029709
30925 1177 1.029709
1178 27475 1.090166
27475 1178 1.090166
1182 24261 1.202892
24261 1182 1.202892
1182 27194 1.165727
27194 1182 1.165727
1183 20589 1.196944
20589 1183 1.196944
1183 24243 1.217173
24243 1183 1.217173
1184 24260 1.202715
24260 1184 1.202715
1184 27195 1.165684
27195 1184 1.165684
1185 20588 1.196944
20588 1185 1.196944
1185 24244 1.217173
24244 1185 1.217173
1192 24995 1.101995
24995 1192 1.101995
1193 26724 1.115547
26724 1193 1.115547
1194 26725 1.115827
26725 1194 1.115827
1195 25692 1.123726
25692 1195 1.123726
1196 26722 1.055230
26722 1196 1.055230
1196 30376 1.013693
30376 1196 1.013693
1203 23818 1.005923
23818 1203 1.005923
1203 30665 1.081696
30665 1203 1.081696
1204 23819 0.993631
23819 1204 0.993631
1204 30664 1.083073
30664 1204 1.083073
1206 21671 1.290253
21671 1206 1.290253
1207 16332 1.296149
16332 1207 1.296149
1207 19980 1.292084
19980 1207 1.292084
1208 16333 1.312839
16333 1208 1.312839
1208 20302 1.320133
20302 1208 1.320133
1209 19302 1.305641
19302 1209 1.305641
1210 19155 1.329220
19155 1210 1.329220
1211 20775 1.387850
20775 1211 1.387850
1213 18875 1.280849
18875 1213 1.280849
1213 21120 1.265961
21120 1213 1.265961
1214 18878 1.246246
18878 1214 1.246246
1215 18879 1.280849
18879 1215 1.280849
1215 21122 1.265961
21122 1215 1.265961
1216 18881 1.269743
18881 1216 1.269743
1216 21123 1.265961
21123 1216 1.265961
1218 25006 1.263666
25006 1218 1.263666
1219 26783 1.284753
26783 1219 1.284753
1220 29470 1.029838
29470 1220 1.029838
1221 24254 1.138913
24254 1221 1.138913
1222 24255 1.138913
24255 1222 1.138913
1223 21167 1.163125
21167 1223 1.163125
1224 21168 1.163125
21168 1224 1.163125
1225 21166 1.163125
21166 1225 1.163125
1226 17374 1.145475
17374 1226 1.145475
1227 21164 1.279450
21164 1227 1.279450
1228 31805 0.989592
31805 1228 0.989592
1229 18234 1.346424
18234 1229 1.346424
1229 30791 0.906843
30791 1229 0.906843
1230 18233 1.348154
18233 1230 1.348154
1230 30792 0.910041
30792 1230 0.910041
1230 31606 0.992848
31606 1230 0.992848
1231 20867 1.230301
20867 1231 1.230301
1231 21368 1.215118
21368 1231 1.215118
1231 30964 1.060102
30964 1231 1.060102
1232 26683 1.025987
26683 1232 1.025987
1233 26684 1.071658
26684 1233 1.071658
1234 26522 1.086288
26522 1234 1.086288
1235 17550 1.339691
17550 1235 1.339691
1235 26523 1.287189
26523 1235 1.287189
1236 17392 1.348823
17392 1236 1.348823
1237 18117 1.152042
18117 1237 1.152042
1237 19753 1.117066
19753 1237 1.117066
1237 22836 1.146291
22836 1237 1.146291
1237 26183 1.116729
26183 1237 1.116729
1240 23900 1.113083
23900 1240 1.113083
1244 23217 1.164949
23217 1244 1.164949
1245 26454 1.109980
26454 1245 1.109980
1246 23373 1.010439
23373 1246 1.010439
1246 30046 0.994545
30046 1246 0.994545
1247 21324 1.124319
21324 1247 1.124319
1248 23374 1.060909
23374 1248 1.060909
1248 30045 0.947187
30045 1248 0.947187
1249 25740 1.102787
25740 1249 1.102787
1251 21578 1.131221
21578 1251 1.131221
1251 22721 1.292583
22721 1251 1.292583
1252 23050 1.071711
23050 1252 1.071711
1252 24449 1.114350
24449 1252 1.114350
1253 19944 1.258276
19944 1253 1.258276
1253 22729 1.232329
22729 1253 1.232329
1254 16959 1.358528
16959 1254 1.358528
1254 25602 1.021916
25602 1254 1.021916
1255 25647 1.064694
25647 1255 1.064694
1256 22822 1.295059
22822 1256 1.295059
1257 22823 1.295968
22823 1257 1.295968
1258 13631 1.333614
13631 1258 1.333614
1258 24592 1.120444
24592 1258 1.120444
1264 31479 1.027681
31479 1264 1.027681
1265 17653 1.291767
17653 1265 1.291767
1267 24207 1.122119
24207 1267 1.122119
1268 24206 1.159443
24206 1268 1.159443
1268 30592 0.957845
30592 1268 0.957845
1269 24773 1.113878
24773 1269 1.113878
1270 24208 1.159443
24208 1270 1.159443
1270 30593 0.956745
30593 1270 0.956745
1271 30259 1.076529
30259 1271 1.076529
1272 30260 1.127393
30260 1272 1.127393
1272 32001 0.986367
32001 1272 0.986367
1273 20865 1.174056
20865 1273 1.174056
1274 29888 0.991041
29888 1274 0.991041
1275 25782 1.136619
25782 1275 1.136619
1276 25103 1.131228
25103 1276 1.131228
1277 18405 1.366892
18405 1277 1.366892
1277 20593 1.149181
20593 1277 1.149181
1277 25130 1.010080
25130 1277 1.010080
1277 26812 1.002671
26812 1277 1.002671
1278 20594 1.149181
20594 1278 1.149181
1278 25131 1.009352
25131 1278 1.009352
1278 26813 1.002547
26813 1278 1.002547
1279 16012 1.326498
16012 1279 1.326498
1279 29062 1.074641
29062 1279 1.074641
1281 29039 1.153030
29039 1281 1.153030
1283 25413 1.247350
25413 1283 1.247350
1284 25412 1.298635
25412 1284 1.298635
1285 23162 1.166144
23162 1285 1.166144
1285 27199 1.072042
27199 1285 1.072042
1286 23164 1.166144
23164 1286 1.166144
1286 27200 1.072042
27200 1286 1.072042
1287 29760 0.955093
29760 1287 0.955093
1290 23166 1.166144
23166 1290 1.166144
1290 27201 0.956641
27201 1290 0.956641
1292 26197 1.086360
26197 1292 1.086360
1293 22797 1.252644
22797 1293 1.252644
1293 27061 0.990431
27061 1293 0.990431
1297 28409 1.053014
28409 1297 1.053014
1298 22954 1.037287
22954 1298 1.037287
1298 27543 1.065868
27543 1298 1.065868
1298 31454 1.333383
31454 1298 1.333383
1299 23299 1.162674
23299 1299 1.162674
1299 27276 1.070704
27276 1299 1.070704
1299 28352 0.990036
28352 1299 0.990036
1300 18193 1.275872
18193 1300 1.275872
1300 31423 0.977089
31423 1300 0.977089
1303 23592 1.155622
23592 1303 1.155622
1304 23591 1.155622
23591 1304 1.155622
1306 18308 1.249191
18308 1306 1.249191
1312 25763 1.024462
25763 1312 1.024462
1312 31353 0.978539
31353 1312 0.978539
1314 22961 1.095526
22961 1314 1.095526
1314 26350 1.150398
26350 1314 1.150398
1315 26001 1.096360
26001 1315 1.096360
1315 28656 1.147000
28656 1315 1.147000
1316 26000 1.096360
26000 1316 1.096360
1316 28655 0.991768
28655 1316 0.991768
1317 27086 1.169278
27086 1317 1.169278
1317 28480 1.184717
28480 1317 1.184717
1318 27085 1.169278
27085 1318 1.169278
1318 28481 1.197936
28481 1318 1.197936
1319 30570 1.072987
30570 1319 1.072987
1320 30571 1.010285
30571 1320 1.010285
1322 9670 1.390449
9670 1322 1.390449
1323 26431 1.039875
26431 1323 1.039875
1323 28208 0.984165
28208 1323 0.984165
1323 31822 0.918255
31822 1323 0.918255
1324 30951 0.984898
30951 1324 0.984898
1325 21300 1.254279
21300 1325 1.254279
1327 21617 1.229069
21617 1327 1.229069
1327 30672 1.015437
30672 1327 1.015437
1327 30685 1.030468
30685 1327 1.030468
1332 19646 1.322694
19646 1332 1.322694
1335 26564 1.338384
26564 1335 1.338384
1335 31778 0.932414
31778 1335 0.932414
1336 24757 1.132662
24757 1336 1.132662
1336 25650 1.277136
25650 1336 1.277136
1337 30598 1.009728
30598 1337 1.009728
1339 18760 1.249291
18760 1339 1.249291
1339 28245 0.962407
28245 1339 0.962407
1340 22090 1.149309
22090 1340 1.149309
1340 23551 1.020252
23551 1340 1.020252
1340 25808 0.995340
25808 1340 0.995340
1340 27368 0.926337
27368 1340 0.926337
1341 20638 1.196459
20638 1341 1.196459
1341 22169 1.237760
22169 1341 1.237760
1341 27369 1.006791
27369 1341 1.006791
1342 23026 1.339037
23026 1342 1.339037
1342 31418 1.003016
31418 1342 1.003016
1343 20136 1.262818
20136 1343 1.262818
1343 23723 1.024713
23723 1343 1.024713
1344 28016 0.943388
28016 1344 0.943388
1344 30144 1.220405
30144 1344 1.220405
1345 28015 0.919219
28015 1345 0.919219
1345 30054 1.221804
30054 1345 1.221804
1346 26743 1.358195
26743 1346 1.358195
1347 22740 1.114435
22740 1347 1.114435
1354 28861 1.048674
28861 1354 1.048674
1354 29215 1.034638
29215 1354 1.034638
1355 29623 1.185745
29623 1355 1.185745
1356 27915 1.152448
27915 1356 1.152448
1357 20903 1.275843
20903 1357 1.275843
1357 25634 1.162241
25634 1357 1.162241
1358 29796 1.024525
29796 1358 1.024525
1359 28738 1.042866
28738 1359 1.042866
1360 25527 1.107536
25527 1360 1.107536
1361 25946 1.097612
25946 1361 1.097612
1361 25983 1.096794
25983 1361 1.096794
1361 28867 1.190536
28867 1361 1.190536
1362 28739 1.042866
28739 1362 1.042866
1363 25947 1.055102
25947 1363 1.055102
1363 28608 1.030622
28608 1363 1.030622
1363 29228 1.020723
29228 1363 1.020723
1365 30173 1.038609
30173 1365 1.038609
1365 31531 0.994075
31531 1365 0.994075
1366 27700 1.142696
27700 1366 1.142696
1371 24872 1.066925
24872 1371 1.066925
1371 28484 0.926499
28484 1371 0.926499
1371 30083 1.058397
30083 1371 1.058397
1372 27862 1.076219
27862 1372 1.076219
1373 29991 1.126560
29991 1373 1.126560
1374 28190 1.050102
28190 1374 1.050102
1374 30558 1.010548
30558 1374 1.010548
1376 17266 1.240776
17266 1376 1.240776
1377 25961 1.004681
25961 1377 1.004681
1377 30640 0.882886
30640 1377 0.882886
1377 30750 1.006921
30750 1377 1.006921
1378 26612 1.092860
26612 1378 1.092860
1378 26920 1.068605
26920 1378 1.068605
1379 19837 1.197033
19837 1379 1.197033
1379 24087 1.142983
24087 1379 1.142983
1380 19835 1.195555
19835 1380 1.195555
1380 24088 1.142983
24088 1380 1.142983
1381 22772 1.174710
22772 1381 1.174710
1382 22089 1.067485
22089 1382 1.067485
1382 29488 0.891205
29488 1382 0.891205
1382 29846 1.022862
29846 1382 1.022862
1386 26436 0.998496
26436 1386 0.998496
1387 26438 1.091226
26438 1387 1.091226
1388 26270 1.075454
26270 1388 1.075454
1388 31670 1.088720
31670 1388 1.088720
1389 21597 1.208029
21597 1389 1.208029
1389 26024 1.020401
26024 1389 1.020401
1390 22996 1.169955
22996 1390 1.169955
1392 30699 1.042858
30699 1392 1.042858
1393 26467 1.083783
26467 1393 1.083783
1393 26765 1.205446
26765 1393 1.205446
1393 31146 0.950054
31146 1393 0.950054
