%%MatrixMarket matrix coordinate real general
%
561 561 8058
1 5 4.999999999964473
1 6 9.999999999928946
1 80 5.000000000035527
1 229 8.263748371099181
1 529 4.5777890850517
2 23 5.000000000035527
2 24 4.999999999979755
2 25 9.999999999961581
2 231 8.263748371100242
2 531 4.577789085049609
3 42 5.000000000027342
3 43 4.999999999979755
3 44 9.999999999961581
3 230 8.263748371099695
3 530 4.577789085050799
4 61 5.000000000027342
4 62 4.999999999964473
4 63 9.999999999928946
4 228 8.263748371098634
4 528 4.577789085052654
5 1 4.999999999964473
5 6 4.999999999964473
5 7 9.999999999928946
5 80 7.071067811865476
5 229 5.903898036772754
5 265 9.952984184284164
5 451 5.984296965978629
5 456 9.497958058761524
5 529 3.685959286047559
6 1 9.999999999928946
6 5 4.999999999964473
6 7 4.999999999964473
6 8 9.999999999928946
6 229 7.170947421063931
6 265 6.30640838371897
6 374 8.374284306440337
6 451 4.04400229936186
6 529 7.497762253424114
7 5 9.999999999928946
7 6 4.999999999964473
7 8 4.999999999964473
7 9 9.999999999928946
7 155 8.756167669099401
7 265 5.520840446087949
7 374 4.486495029062606
7 451 6.848072649786687
8 6 9.999999999928946
8 7 4.999999999964473
8 9 4.999999999964473
8 10 9.999999999928946
8 155 8.363286994396038
8 233 6.619402718499871
8 265 8.437332028512905
8 345 9.249505541531716
8 374 4.486495029062606
9 7 9.999999999928946
9 8 4.999999999964473
9 10 4.999999999964473
9 11 9.999999999928946
9 185 9.653814708123559
9 233 5.852408390741492
9 345 5.232721951755966
9 374 8.374284306440337
9 486 8.059035734775357
9 556 8.296299028665109
10 8 9.999999999928946
10 9 4.999999999964473
10 11 4.999999999964473
10 12 9.99999999995503
10 185 7.089175305157676
10 233 8.642041170559697
10 345 4.382853555075854
10 360 7.731913924078737
10 486 3.897291072183095
10 556 7.989235400417472
11 9 9.999999999928946
11 10 4.999999999964473
11 12 4.999999999990557
11 13 9.999999999990557
11 169 9.020129063488536
11 185 7.570777674388648
11 345 7.812645617547412
11 360 4.738211821434163
11 416 7.017886845033292
11 486 3.928065481574793
12 10 9.99999999995503
12 11 4.999999999990557
12 13 5
12 14 10
12 169 7.857484266444691
12 247 7.32756105806061
12 360 5.926112519998266
12 416 4.170721459767528
12 445 9.066036464475077
12 486 8.103734889138634
13 11 9.999999999990557
13 12 5
13 14 5
13 15 10
13 169 9.597780455541628
13 207 9.229872839458849
13 247 5.794409917461144
13 360 9.888729338724904
13 416 5.961467874620483
13 445 4.944389110314535
13 494 8.057296418712024
13 561 8.423423968978309
14 12 10
14 13 5
14 15 5
14 16 9.999999999999993
14 207 6.706031601525284
14 247 7.966004112699027
14 328 7.455062834996486
14 445 4.086679602464833
14 494 3.862644894238873
14 561 8.417851834484685
15 13 10
15 14 5
15 16 4.999999999999993
15 137 9.780684847484896
15 207 7.399403154899141
15 225 8.245309181860577
15 328 4.506986817196797
15 445 7.67821051236597
15 494 3.862644894238873
15 527 9.330191054948219
16 14 9.999999999999993
16 15 4.999999999999993
16 17 5.000000000009443
16 173 9.619996061795488
16 225 6.064154116412984
16 328 5.920126558362204
16 400 7.938742014672867
16 494 8.057296418712019
16 527 5.012764475312111
17 16 5.000000000009443
17 18 5.000000000035538
17 173 7.568837849788971
17 225 7.454046336777453
17 293 8.188238651990273
17 328 9.989137438429546
17 400 4.021389732724349
17 527 3.633613937678438
18 17 5.000000000035538
18 19 5.000000000035509
18 173 8.487065957339547
18 239 8.642041170813149
18 293 5.472313707459217
18 400 4.395398274300655
18 527 7.160900279416614
19 18 5.000000000035509
19 20 5.000000000035541
19 239 5.852408390785218
19 293 6.545623148673862
19 380 8.374284306511882
19 400 8.512783128783433
19 436 9.958036887843416
20 19 5.000000000035541
20 21 5.000000000035529
20 161 8.540963207504156
20 239 6.619402718353623
20 271 8.630161539337807
20 380 4.486495029037746
20 436 9.802811737339692
21 20 5.000000000035529
21 22 5.000000000035529
21 161 8.772713677160469
21 271 5.655102884695141
21 380 4.486495029037743
21 457 6.848072649968441
21 552 9.061646859646221
22 21 5.000000000035529
22 23 5.000000000035524
22 231 7.170947421161397
22 271 6.283366062758055
22 380 8.374284306511868
22 457 4.044002299361691
22 531 7.497762253523176
22 552 9.762047156185707
23 2 5.000000000035527
23 22 5.000000000035524
23 24 7.071067811876281
23 231 5.903898036772513
23 271 9.847902798132326
23 453 9.497958058791657
23 457 5.984296965889146
23 531 3.685959286050632
24 2 4.999999999979755
24 23 7.071067811876281
24 25 4.999999999981826
24 26 9.999999999960325
24 231 5.903898036772513
24 267 9.952984184277668
24 453 5.984296965959628
24 457 9.497958058764887
24 531 3.685959286050631
25 2 9.999999999961581
25 24 4.999999999981826
25 26 4.999999999978499
25 27 9.99999999995255
25 231 7.170947421084824
25 267 6.306408383702514
25 376 8.374284306452642
25 453 4.044002299361316
25 531 7.49776225345066
26 24 9.999999999960325
26 25 4.999999999978499
26 27 4.999999999974051
26 28 9.999999999948109
26 157 8.756167669075207
26 267 5.520840446092553
26 376 4.486495029056796
26 453 6.848072649825291
27 25 9.99999999995255
27 26 4.999999999974051
27 28 4.999999999974058
27 29 9.999999999948109
27 157 8.363286994399518
27 235 6.61940271847041
27 267 8.43733202854439
27 347 9.559670743676115
27 376 4.486495029056804
28 26 9.999999999948109
28 27 4.999999999974058
28 29 4.999999999974051
28 30 9.999999999960039
28 235 5.852408390749161
28 347 5.823023977825325
28 376 8.374284306448677
28 488 8.050476111894062
29 27 9.999999999948109
29 28 4.999999999974051
29 30 4.999999999985988
29 31 9.99999999997781
29 187 7.269542126183161
29 235 8.642041170603735
29 347 5.140808473833801
29 362 7.697881481259546
29 488 3.967569644262972
29 517 9.744870492567928
29 546 9.987850366636971
30 28 9.999999999960039
30 29 4.999999999985988
30 31 4.999999999991822
30 32 9.999999999983643
30 167 9.013421263285176
30 187 7.406711940618599
30 347 8.303506204164382
30 362 4.594312714404592
30 418 7.017886844966169
30 488 4.083264886768919
30 546 8.37951408029544
31 29 9.99999999997781
31 30 4.999999999991822
31 32 4.999999999991822
31 33 9.999999999983643
31 167 8.03978444815067
31 245 7.021842039186794
31 362 5.740909277782002
31 418 4.170721459760138
31 443 9.059154414773559
31 464 9.204619800903414
31 488 8.222195290113909
31 546 9.522360920338063
32 30 9.999999999983643
32 31 4.999999999991822
32 33 4.999999999991822
32 34 9.999999999983636
32 167 9.901237552742881
32 205 9.229872839405903
32 245 5.23977275028455
32 362 9.736958937653156
32 418 5.961467874684447
32 443 4.912197115484316
32 464 8.849738190666876
32 492 8.057296418711186
32 559 8.12531489471308
33 31 9.999999999983643
33 32 4.999999999991822
33 34 4.999999999991815
33 35 9.999999999983636
33 205 6.706031601514806
33 245 7.456820456856564
33 326 7.735613075792409
33 443 4.023814395802827
33 492 3.86264489425827
33 559 8.10708101479954
34 32 9.999999999983636
34 33 4.999999999991815
34 35 4.999999999991822
34 36 9.999999999993086
34 135 9.780684847482702
34 205 7.399403154935135
34 223 8.27063279211313
34 326 4.889523990306555
34 443 7.632331497137951
34 492 3.862644894258243
34 525 9.451639211159572
35 33 9.999999999983636
35 34 4.999999999991822
35 36 5.000000000001265
35 171 9.638706805837312
35 223 6.073332086035217
35 326 6.162400509950042
35 402 8.102197657479183
35 492 8.057296418711145
35 525 5.134795974967409
36 34 9.999999999993086
36 35 5.000000000001265
36 37 5.000000000027327
36 171 7.576774436845032
36 223 7.440924571077931
36 291 8.190264405475464
36 402 4.267438649847937
36 525 3.660433803664943
37 36 5.000000000027327
37 38 5.000000000027356
37 171 8.47999721963359
37 237 8.642041170783997
37 291 5.473255487245001
37 402 4.558120048851255
37 525 7.101508400180426
38 37 5.000000000027356
38 39 5.000000000027342
38 237 5.852408390780367
38 291 6.544663492209773
38 378 8.37428430650349
38 402 8.563987630176175
38 434 9.958036887837846
39 38 5.000000000027342
39 40 5.000000000027342
39 159 8.540963207501534
39 237 6.619402718370763
39 269 8.630161539313839
39 378 4.486495029040466
39 434 9.802811737351226
40 39 5.000000000027342
40 41 5.000000000027342
40 159 8.772713677171108
40 269 5.655102884691924
40 378 4.486495029040577
40 455 6.848072649948131
40 551 9.061646859646086
41 40 5.000000000027342
41 42 5.000000000027356
41 230 7.170947421150871
41 269 6.283366062772155
41 378 8.374284306503668
41 455 4.044002299362007
41 530 7.497762253509946
41 551 9.76204715619421
42 3 5.000000000027342
42 41 5.000000000027356
42 43 7.071067811870494
42 230 5.903898036772664
42 269 9.847902798143869
42 452 9.497958058789761
42 455 5.984296965899148
42 530 3.685959286049003
43 3 4.999999999979755
43 42 7.071067811870494
43 44 4.999999999981826
43 45 9.999999999960325
43 230 5.903898036772656
43 266 9.952984184276996
43 452 5.984296965958912
43 455 9.497958058767189
43 530 3.685959286049019
44 3 9.999999999961581
44 43 4.999999999981826
44 45 4.999999999978499
44 46 9.99999999995255
44 230 7.170947421085689
44 266 6.306408383701835
44 375 8.374284306452486
44 452 4.044002299361537
44 530 7.497762253448348
45 43 9.999999999960325
45 44 4.999999999978499
45 46 4.999999999974051
45 47 9.999999999948109
45 156 8.756167669074511
45 266 5.52084044609221
45 375 4.486495029056505
45 452 6.848072649826177
46 44 9.99999999995255
46 45 4.999999999974051
46 47 4.999999999974058
46 48 9.999999999948109
46 156 8.363286994399182
46 234 6.619402718470403
46 266 8.43733202854445
46 346 9.559670743675765
46 375 4.486495029056512
47 45 9.999999999948109
47 46 4.999999999974058
47 48 4.999999999974051
47 49 9.999999999960039
47 234 5.852408390749298
47 346 5.823023977825214
47 375 8.374284306448521
47 487 8.051186132306457
48 46 9.999999999948109
48 47 4.999999999974051
48 49 4.999999999985988
48 50 9.99999999997781
48 186 7.269542126183377
48 234 8.642041170603926
48 346 5.140808473834201
48 361 7.703388510922105
48 487 3.96828184161506
48 516 9.744870492568568
49 47 9.999999999960039
49 48 4.999999999985988
49 50 4.999999999991822
49 51 9.999999999983643
49 166 9.013421263284826
49 186 7.406711940619482
49 346 8.303506204164956
49 361 4.598822669444082
49 417 7.01788684496582
49 487 4.083249124347271
49 547 8.417852761480505
50 48 9.99999999997781
50 49 4.999999999991822
50 51 4.999999999991822
50 52 9.999999999983643
50 166 8.039784448150476
50 244 7.021842039186409
50 361 5.740744319297071
50 417 4.170721459760027
50 442 9.028329389929857
50 463 9.204619800903055
50 487 8.221835929297182
50 547 9.532267455497783
51 49 9.999999999983643
51 50 4.999999999991822
51 52 4.999999999991822
51 53 9.999999999983636
51 166 9.901237552742884
51 204 9.229872839405692
51 244 5.239772750284414
51 361 9.734635110466485
51 417 5.961467874684703
51 442 4.887242000773236
51 463 8.849738190666727
51 491 7.777532705315891
51 558 8.123662574828556
52 50 9.999999999983643
52 51 4.999999999991822
52 53 4.999999999991815
52 54 9.999999999983636
52 204 6.706031601514648
52 244 7.456820456856734
52 325 7.458211044351185
52 442 4.03231164160326
52 491 3.647879394374935
52 558 8.107570040523479
53 51 9.999999999983636
53 52 4.999999999991815
53 54 4.999999999991822
53 55 9.999999999993086
53 134 9.780684847482757
53 204 7.399403154935113
53 222 8.270632792113851
53 325 4.508412836206075
53 442 7.657280194411898
53 491 4.015474214758272
53 524 9.451639211160455
54 52 9.999999999983636
54 53 4.999999999991822
54 55 5.000000000001265
54 170 9.638706805838313
54 222 6.073332086035642
54 325 5.918332587907657
54 401 8.102197657479646
54 491 8.303074265758935
54 524 5.13479597496818
55 53 9.999999999993086
55 54 5.000000000001265
55 56 5.000000000027327
55 170 7.576774436845472
55 222 7.440924571077825
55 290 8.190264405476137
55 325 9.986367454711329
55 401 4.267438649848015
55 524 3.660433803664833
56 55 5.000000000027327
56 57 5.000000000027356
56 170 8.479997219633237
56 236 8.642041170784333
56 290 5.473255487245203
56 401 4.55812004885058
56 524 7.101508400179753
57 56 5.000000000027356
57 58 5.000000000027342
57 236 5.852408390780753
57 290 6.54466349220927
57 377 8.374284306503288
57 401 8.563987630175419
57 433 9.958036887837716
58 57 5.000000000027342
58 59 5.000000000027342
58 158 8.540963207501335
58 236 6.619402718371008
58 268 8.405749828592494
58 377 4.486495029040074
58 433 9.802811737350586
59 58 5.000000000027342
59 60 5.000000000027342
59 158 8.772713677170549
59 268 5.389418080835422
59 377 4.486495029040169
59 454 6.848072649949548
59 549 9.061646859645879
60 59 5.000000000027342
60 61 5.000000000027356
60 228 7.170947421152503
60 268 6.118416814808847
60 377 8.374284306503441
60 454 4.044002299362385
60 528 7.497762253505771
60 549 9.762047156193741
61 4 5.000000000027342
61 60 5.000000000027356
61 62 7.071067811859687
61 228 5.903898036772913
61 268 9.78898469658537
61 450 9.49795805879444
61 454 5.984296965898037
61 528 3.685959286045909
62 4 4.999999999964473
62 61 7.071067811859687
62 63 4.999999999964473
62 64 9.999999999928946
62 228 5.903898036772892
62 264 9.952984184283535
62 450 5.984296965978053
62 454 9.497958058763947
62 528 3.685959286045852
63 4 9.999999999928946
63 62 4.999999999964473
63 64 4.999999999964473
63 65 9.999999999928946
63 228 7.170947421064788
63 264 6.306408383718328
63 373 8.374284306440213
63 450 4.044002299362025
63 528 7.497762253421852
64 62 9.999999999928946
64 63 4.999999999964473
64 65 4.999999999964473
64 66 9.999999999928946
64 154 8.756167669098689
64 264 5.520840446087614
64 373 4.486495029062372
64 450 6.848072649787386
65 63 9.999999999928946
65 64 4.999999999964473
65 66 4.999999999964473
65 67 9.999999999928946
65 154 8.363286994395708
65 232 6.619402718499805
65 264 8.437332028512948
65 344 9.24950554153115
65 373 4.486495029062372
66 64 9.999999999928946
66 65 4.999999999964473
66 67 4.999999999964473
66 68 9.999999999928946
66 184 9.653814708123063
66 232 5.852408390741658
66 344 5.23272195175563
66 373 8.374284306440213
66 485 8.059035734774509
66 555 8.290736131863975
67 65 9.999999999928946
67 66 4.999999999964473
67 68 4.999999999964473
67 69 9.99999999995503
67 184 7.089175305157803
67 232 8.642041170559974
67 344 4.382853555076247
67 359 7.732802565129548
67 485 3.897291072182984
67 555 7.977549862506618
68 66 9.999999999928946
68 67 4.999999999964473
68 69 4.999999999990557
68 70 9.999999999990557
68 168 9.020129063488165
68 184 7.570777674389517
68 344 7.812645617548079
68 359 4.735024953591145
68 415 7.017886845032972
68 485 3.928065481576311
69 67 9.99999999995503
69 68 4.999999999990557
69 70 5
69 71 10
69 168 7.85748426644454
69 246 7.327561058060127
69 359 5.919855328508736
69 415 4.170721459767425
69 444 9.066036464474735
69 485 8.103734889140158
70 68 9.999999999990557
70 69 5
70 71 5
70 72 10
70 168 9.597780455541729
70 206 9.229872839458626
70 246 5.794409917461011
70 359 9.882758365445973
70 415 5.961467874620714
70 444 4.944389110314225
70 493 8.057296418712065
70 560 8.423218813876279
71 69 10
71 70 5
71 72 5
71 73 9.999999999999993
71 206 6.706031601525103
71 246 7.966004112699278
71 327 7.468706026934492
71 444 4.086679602464851
71 493 3.862644894238964
71 560 8.417446262004074
72 70 10
72 71 5
72 73 4.999999999999993
72 136 9.780684847484922
72 206 7.399403154899093
72 224 8.210641315549656
72 327 4.502645144276549
72 444 7.678210512366189
72 493 3.862644894238973
72 526 9.327521011645274
73 71 9.999999999999993
73 72 4.999999999999993
73 74 5.000000000009443
73 172 9.619996061796453
73 224 6.020850442767406
73 327 5.89627483024551
73 399 7.938742014673417
73 493 8.057296418712072
73 526 5.008420888755063
74 73 5.000000000009443
74 75 5.000000000035538
74 172 7.568837849789372
74 224 7.422038082347508
74 292 8.188238651990947
74 327 9.96284600164357
74 399 4.021389732724656
74 526 3.628486099625654
75 74 5.000000000035538
75 76 5.000000000035509
75 172 8.487065957339167
75 238 8.642041170813506
75 292 5.472313707459416
75 399 4.395398274300225
75 526 7.158738921901902
76 75 5.000000000035509
76 77 5.000000000035541
76 238 5.85240839078558
76 292 6.545623148673355
76 379 8.374284306511679
76 399 8.512783128782845
76 435 9.958036887843097
77 76 5.000000000035541
77 78 5.000000000035529
77 160 8.540963207503891
77 238 6.619402718353798
77 270 8.630161539338179
77 379 4.486495029037365
77 435 9.802811737338896
78 77 5.000000000035529
78 79 5.000000000035529
78 160 8.77271367715988
78 270 5.655102884694911
78 379 4.486495029037362
78 456 6.848072649970008
78 550 9.061646859645981
79 78 5.000000000035529
79 80 5.000000000035524
79 229 7.170947421163021
79 270 6.283366062757131
79 379 8.374284306511662
79 456 4.044002299362185
79 529 7.497762253518896
79 550 9.762047156185238
80 1 5.000000000035527
80 5 7.071067811865476
80 79 5.000000000035524
80 229 5.903898036772757
80 270 9.84790279813128
80 451 9.497958058796122
80 456 5.984296965888021
80 529 3.685959286047578
81 146 9.398620228853876
81 147 9.027877524679438
81 182 7.717119762479131
81 183 8.373434867176275
81 202 8.799632170930916
81 203 6.505523447334603
81 312 5.456059702227895
81 313 5.119180300818976
81 340 4.811401722187806
81 341 4.79266218976271
81 431 9.543714203345214
81 475 9.575109347034566
81 479 9.340075012053218
81 497 9.120953899443498
81 498 4.738200443079048
81 505 9.56933584743115
81 557 7.395288538688632
82 138 9.05269301177526
82 142 8.8704231835023
82 148 8.438838316570777
82 163 7.761040352135661
82 200 6.977021501314892
82 208 9.152182425213589
82 259 5.333117527272998
82 285 5.283661875804536
82 289 5.82922688080993
82 320 4.487655972372953
82 473 4.997453586629176
82 477 3.923987683716314
82 490 4.113384498763348
82 500 9.69983210975127
82 536 9.055056980503752
83 139 9.073606978419456
83 144 8.840993296939235
83 149 8.489032829910514
83 165 7.762717432372572
83 198 6.977033807826933
83 209 9.180042657461927
83 260 5.338391895631391
83 282 5.828440169158924
83 286 5.278990241153638
83 321 4.566631317248317
83 460 3.948922742870428
83 474 5.049947360009296
83 480 4.104583099088687
83 501 9.685383883621277
83 537 9.193580371530381
83 540 9.993042092412088
84 140 9.495588042735021
84 143 8.657885275244706
84 151 8.499865021914399
84 189 8.643743108100074
84 197 6.676178623920417
84 220 6.025272853264304
84 280 9.989452257868031
84 287 5.132315460707995
84 300 5.02706357136296
84 366 4.95308091399893
84 429 4.380653716573404
84 481 3.904320201791859
84 495 6.962797815944035
84 502 9.136171552268296
84 539 8.492605870611779
84 553 3.737867257887105
85 129 9.893542829590666
85 141 9.495588042735077
85 145 8.660271725137777
85 153 8.499865021914861
85 190 8.643743108100837
85 199 6.681379399197669
85 221 6.818185214508325
85 281 9.916795948479502
85 288 5.132368915542614
85 301 5.020553769665304
85 367 4.943390208981239
85 430 3.847150607887289
85 482 3.904320201792846
85 496 6.962797815943678
85 503 9.136171552270197
85 541 8.58170866410631
85 554 3.760163373755005
86 162 8.494044598344432
86 174 8.104515312006361
86 180 8.30329516655312
86 191 6.222805441153334
86 210 6.126249892628977
86 254 5.098479734755362
86 357 7.972961050458497
86 381 9.390757144073355
86 386 7.135923513827219
86 391 4.052151680893442
86 392 8.447261468507619
86 411 7.588178965190829
86 419 8.967148068803029
86 461 4.027144790910807
86 469 4.464929280850889
86 510 9.737232508649287
87 164 8.555050385247521
87 175 8.082695936276007
87 181 8.303295166553305
87 192 6.222805441153169
87 211 6.126249892628987
87 263 5.22677435609667
87 358 7.976660093726099
87 385 7.082311308880813
87 393 4.056447430388645
87 394 8.442294925264623
87 412 7.588178965191198
87 420 8.930092616589089
87 462 4.027144790910846
87 470 4.400954210705662
87 511 9.757676113120009
88 150 8.058926361920379
88 176 7.797327302807084
88 178 7.886364207006967
88 195 6.890017467252878
88 212 7.051578235686244
88 226 9.644129699993613
88 276 5.327424378460818
88 353 4.538414532446589
88 355 7.854549588969733
88 382 8.773781089081108
88 388 9.044921685373346
88 421 9.154199098996811
88 437 4.398993021063363
88 471 4.323794068832651
88 483 4.512099963398311
88 522 4.105507876569931
88 532 7.162012210372373
89 152 8.05892636192084
89 177 7.791167912911372
89 179 7.886364207007206
89 196 6.913571305790624
89 213 7.051578235686456
89 227 9.735417003838904
89 277 5.321748093687473
89 354 4.606390352836393
89 356 7.853733580184411
89 383 8.759913545728388
89 389 9.083678094951981
89 422 9.155753303933487
89 438 4.416991003837894
89 472 4.325461116739574
89 484 4.505292896335741
89 523 4.105507876570124
89 533 7.526736618933039
90 130 9.781426332962436
90 138 9.428015614935962
90 154 8.822175150573591
90 158 8.746489998759168
90 216 5.855317344364829
90 240 5.720341242761405
90 294 5.113600281047596
90 302 4.961057495471649
90 329 4.848948358631821
90 348 4.565146262283156
90 369 6.124816262732763
90 407 8.622956867668641
90 433 9.109108272615387
90 500 8.391873104220931
90 506 9.721184849402851
90 549 8.558236088514429
91 131 9.781426332963271
91 139 9.428015614935047
91 155 8.822175150573242
91 160 8.746489998765558
91 217 5.896086357171544
91 241 5.720341242761985
91 295 5.113600281049261
91 303 4.965842096406019
91 330 4.869658917806444
91 350 4.565146262284208
91 370 6.124816262731882
91 408 8.622956867670158
91 435 9.10910827262293
91 468 9.661752369349111
91 501 8.398433276763617
91 550 8.558236088518086
92 132 9.781426332961741
92 140 9.691396928769823
92 156 8.822175150584734
92 159 8.746489998756692
92 218 5.896086357170439
92 242 5.74031905435783
92 296 5.113600281046646
92 304 4.94447443651991
92 331 4.86965891779935
92 349 4.820014550014306
92 371 6.54554849310836
92 409 8.215185264468541
92 434 9.109108272612795
92 502 8.81862007655295
92 514 9.627250197402743
92 551 8.558236088512913
93 133 9.781426332962599
93 141 9.691396928769967
93 157 8.82217515058437
93 161 8.746489998763055
93 219 5.896086357171235
93 243 5.764422208870391
93 297 5.113600281048352
93 305 4.942491893077269
93 332 4.86965891780424
93 351 4.829552838796306
93 372 6.545548493106167
93 410 8.235198857140137
93 436 9.109108272620182
93 503 8.818620076550628
93 515 9.627250197402951
93 552 8.558236088516598
94 146 8.153454491541334
94 162 7.73520139993812
94 163 8.569746942062896
94 193 6.584566565096686
94 202 6.914133315478233
94 255 5.460809214174373
94 261 5.140822924424384
94 381 6.717596232639277
94 390 4.286859138006116
94 395 4.272858275281653
94 396 8.748692741211199
94 476 3.788625903847601
94 478 3.902551912859548
94 499 7.868210934400124
94 512 9.967530919065361
94 542 9.243412931917131
94 557 9.940703536823865
95 150 7.972923797327239
95 165 8.49325246289772
95 183 8.020515688410931
95 194 7.113998942224158
95 226 5.145927667867449
95 298 5.082111462118898
95 339 5.180299777265161
95 353 9.739511036635164
95 397 4.58531557557991
95 398 8.872745081734923
95 427 3.726630990777734
95 432 4.525719352101469
95 475 9.25800627771291
95 505 7.59471633464748
95 532 8.916570073292139
96 147 8.800590904501014
96 151 8.499865021914388
96 164 7.653031053647444
96 188 6.950722190447355
96 203 9.348412142575052
96 256 5.51779256484757
96 262 5.589579972369095
96 319 4.639050498982199
96 322 4.910828722322995
96 365 8.746891166696537
96 387 4.414259414164068
96 466 3.909113388494152
96 489 7.43532777663746
96 497 9.740454597934914
96 543 9.305125938392028
96 548 4.530897134750214
97 127 9.902864418433719
97 152 8.098877339300687
97 153 8.501635178028675
97 182 8.565939104137275
97 201 7.313525718083635
97 221 9.174976260933967
97 227 5.019849892574483
97 273 9.863985509543523
97 299 5.395281823691911
97 314 4.561140548695826
97 354 9.839289712728515
97 384 9.297728857208385
97 428 3.977130504302987
97 431 9.562443367285061
97 441 4.771686485303688
97 465 4.667645417991221
97 479 7.382821564405533
97 504 6.726737455786905
97 533 8.94185211507674
98 148 8.934016358064385
98 168 8.304536481022994
98 178 8.000830533220451
98 184 9.535921194540879
98 208 6.264414732225127
98 248 5.36783240092785
98 257 5.608302568062311
98 337 5.208917970923649
98 342 4.647641184814702
98 355 9.862082592790662
98 388 9.312460822109637
98 413 7.661457931830773
98 458 8.806713963335884
98 467 8.961375712857627
98 544 4.616383121282102
99 149 8.934016358064172
99 169 8.304536481023298
99 179 8.000830533220538
99 185 9.535921194541135
99 209 6.297032089738101
99 249 5.42104462231852
99 258 5.576926551343584
99 338 5.173838505016708
99 343 4.76427341235536
99 356 9.858623426269247
99 389 9.314188539554927
99 414 7.667132101734641
99 459 8.802544843799325
99 468 9.467843714369067
99 545 4.616383121282051
100 166 8.039784448150447
100 180 7.144318299156555
100 186 9.287739206300857
100 189 6.807618222441192
100 214 5.834875197853511
100 283 5.499812512142291
100 310 5.04386323064722
100 323 4.463603935524688
100 357 9.650722562696785
100 411 9.661756435119823
100 439 4.090833578848478
100 463 9.803264777209098
100 495 9.473106846342656
100 514 9.743981972716416
100 516 8.535183799719103
100 518 3.727912516674416
100 519 7.37933756006805
100 534 3.666844279428918
100 547 7.01858268757302
101 167 8.039784448150673
101 181 7.144318299156744
101 187 9.287739206301341
101 190 6.807618222440659
101 215 5.885303238529625
101 284 5.499812512142351
101 311 5.073434937878683
101 324 4.481059170044908
101 358 9.686750834600756
101 412 9.661756435119962
101 440 4.090833578848358
101 464 9.803264777209421
101 496 9.473106846343994
101 515 9.74398197271532
101 517 8.53518379971872
101 520 3.727912516674424
101 521 7.444186707688897
101 535 3.666844279429108
101 546 7.057865942932379
102 134 9.548636291418529
102 142 9.043666608094853
102 170 8.167190774281663
102 174 7.430699238699999
102 200 9.024376411709005
102 222 9.933543462297974
102 250 5.560090474159761
102 274 5.256790093072078
102 306 4.881171724393869
102 315 4.754803149066964
102 386 9.233439341856672
102 403 4.275220882357611
102 419 9.256170938938354
102 423 4.622281109036582
102 446 7.732454794781507
102 506 9.489951794349498
102 538 7.972056991058845
103 135 9.659601329205948
103 143 8.884641449312463
103 171 8.167814598450535
103 175 7.542583898973326
103 197 8.715381911035422
103 251 5.376322480922775
103 275 5.569942384821553
103 307 4.950836865438445
103 316 4.686408412883758
103 385 9.359147866293002
103 404 4.164763610201783
103 420 9.457485658936919
103 424 4.283782400416551
103 447 7.657025222302585
103 508 9.064079306738988
103 539 8.582706377918196
104 136 9.548636291421655
104 144 9.033661322201251
104 172 8.165645531330711
104 176 7.713206450148378
104 198 8.993039740614211
104 224 9.991605063282197
104 252 5.475041742597158
104 278 5.472700681903042
104 308 4.889422130054642
104 317 4.754361922443568
104 405 4.263758156732778
104 421 9.384748227352517
104 425 4.675218341262926
104 448 7.717117780702802
104 507 9.182450231549444
104 540 8.005178940600766
105 137 9.54863629142219
105 145 8.992797544032687
105 173 8.165645531330933
105 177 7.730937139441425
105 199 8.782751650265988
105 225 9.949476359392436
105 253 5.475822001839184
105 279 5.448618507765476
105 309 4.884889700331128
105 318 4.736911504549087
105 406 4.263678486292673
105 422 9.388453081159087
105 426 4.68270393985789
105 449 7.717472833090142
105 509 9.182450231547925
105 541 8.569807792454382
106 128 9.443160666811606
106 146 9.874367807717773
106 151 8.259414916778249
106 162 8.033777981120291
106 188 7.027357931203533
106 191 7.121794319093218
106 255 7.96908150046663
106 280 5.09015565623816
106 365 4.362155907461147
106 368 5.168383706891842
106 387 8.754869243011679
106 391 8.773617772920703
106 392 4.289612545844815
106 497 9.268845766096355
106 510 5.408377622054113
106 542 4.050905363971725
107 126 9.702924566741387
107 148 9.242657374148431
107 150 8.499865021914395
107 163 7.945654033413433
107 193 6.828500963828901
107 195 6.515108479189481
107 259 7.49069193453066
107 272 5.355065967548836
107 363 4.630326318208914
107 382 4.423013754385137
107 388 8.806696234798833
107 395 8.865048111405921
107 396 4.275865969489936
107 483 8.365324457706174
107 499 9.171487534230776
107 512 4.618935720138479
107 536 3.731980822341333
108 129 9.038055655375137
108 147 9.964831370699155
108 153 8.242827441368329
108 164 8.090418662305668
108 192 7.04415370848004
108 201 6.864020412771602
108 256 8.022778390366554
108 281 5.118664215760613
108 352 4.933759916503897
108 358 9.997595834480542
108 384 4.308142652105444
108 393 8.73381396410219
108 394 4.2577128176443
108 431 9.230919191277916
108 441 8.827749433062834
108 511 5.293840206885093
108 543 4.040214465027995
109 127 9.183883942197596
109 149 9.90480277332929
109 152 8.257141916739885
109 165 8.067011913864667
109 194 6.760524448387904
109 196 6.92658177150864
109 260 8.049976562355905
109 273 5.11750351873733
109 364 5.278622414071457
109 383 4.253524534580074
109 389 9.366334385916481
109 397 8.532429384827317
109 398 4.205826074228876
109 484 8.49227201534689
109 513 5.300861679431335
109 537 4.062758744458178
110 168 8.223965806390547
110 178 7.809034096119961
110 206 7.376689376460418
110 212 4.90601165795261
110 246 6.546048923668273
110 257 5.567865105497951
110 334 5.023137230416506
110 355 3.974164534063035
110 415 9.826893900872927
110 421 8.420268494859702
110 444 8.461389111176011
110 458 4.199564565381436
110 471 9.122136482143269
110 522 7.1090114237825
110 544 7.966668007588048
110 560 4.062320814999646
111 169 8.223965806390661
111 179 7.809034096120507
111 207 7.376689376460546
111 213 4.906011657952524
111 247 6.546048923668527
111 258 5.603773593810462
111 336 5.023137230416476
111 356 3.978196469537107
111 416 9.826893900873307
111 422 8.416074641324327
111 438 9.932855941961451
111 445 8.461389111176368
111 459 4.200773096817364
111 472 9.11571488096442
111 523 7.109011423782699
111 545 7.966668007588152
111 561 4.061930807421697
112 134 9.899991911141036
112 166 8.039784448150433
112 180 7.987319914373494
112 204 6.836792556594969
112 210 6.126249892628951
112 244 6.253296452229584
112 283 5.817464429866373
112 333 4.775957330834127
112 411 4.598978261567235
112 417 9.190117962600199
112 419 8.827246130666024
112 439 9.637252179982397
112 442 7.761213064149279
112 461 9.872316905521856
112 463 4.244511889388608
112 534 8.775843864246875
112 558 3.622757997673667
113 135 9.899991911140834
113 167 8.039784448150673
113 181 7.987319914373823
113 205 6.836792556594844
113 211 6.12624989262901
113 245 6.253296452229781
113 284 5.817464429866757
113 335 4.775957330833974
113 412 4.59897826156741
113 418 9.190117962600503
113 420 8.747447425713059
113 440 9.637252179981731
113 443 7.76299258016736
113 462 9.872316905522013
113 464 4.244511889388773
113 535 8.775843864247364
113 559 3.623137001885341
114 138 9.454985082426829
114 154 8.590814473902361
114 184 7.198918519416197
114 232 6.297167370545073
114 240 5.57170210149548
114 248 5.506479989599939
114 337 8.746429969880976
114 344 7.601385554958012
114 348 7.349745407028319
114 407 4.399341072930878
114 413 4.263673246268353
114 467 5.180450216206906
114 555 4.057499834966922
115 139 9.454985082426731
115 155 8.590814473902636
115 185 7.198918519415877
115 233 6.297167370545118
115 241 5.571702101495045
115 249 5.439197203002387
115 338 8.695290274806476
115 345 7.601385554957377
115 350 7.349745407027179
115 408 4.399341072930961
115 414 4.178119325387623
115 468 5.108148471887801
115 556 4.044623165295266
116 156 7.723182119105731
116 186 7.499966131502717
116 214 6.599397694027735
116 234 5.100358466796489
116 242 5.911365716378976
116 323 7.749147390810892
116 346 6.049171912044029
116 349 7.101539714272
116 409 3.750049174005731
116 487 9.848153606188028
116 514 4.396484087820269
116 516 4.078493174244931
116 519 9.693936121463127
117 157 7.723182119105954
117 187 7.499966131502395
117 215 6.522121640749613
117 235 5.100358466796335
117 243 5.87183527058873
117 324 7.762190428059858
117 347 6.049171912043235
117 351 7.100001432784271
117 410 3.779027437988963
117 488 9.848082831418415
117 515 4.396484087819657
117 517 4.078493174245094
117 521 9.746428498859872
118 142 9.860977154464173
118 158 8.836436326472626
118 170 8.429639574634319
118 216 6.003286723266609
118 236 6.093302888479085
118 250 5.697961001994337
118 290 6.219610779736623
118 329 7.271059832904887
118 401 9.82761959355925
118 403 7.398678160526789
118 433 4.362671089015003
118 446 4.247008760840854
118 506 5.552179916887157
119 143 9.911239485528519
119 159 8.83643632647299
119 171 8.429639574633811
119 218 5.983836252920694
119 237 6.093302888479142
119 251 5.775732770907322
119 291 6.219610779735461
119 331 7.318668830686136
119 402 9.827619593557715
119 404 7.262710269712906
119 434 4.362671089014968
119 447 4.227690888102804
119 508 5.41319236968388
120 144 9.859686210328594
120 160 8.836436326471459
120 172 8.453410758728596
120 217 5.983836252922993
120 238 6.093302888480665
120 252 5.784632354037199
120 292 6.220936376483802
120 330 7.318668830683557
120 405 7.414003842264044
120 435 4.362671089015417
120 448 4.261874742906736
120 507 5.413192369683345
121 145 9.909352464486618
121 161 8.836436326471897
121 173 8.45341075872806
121 219 5.98383625292236
121 239 6.093302888480696
121 253 5.781991068475915
121 293 6.220936376482663
121 332 7.318668830684524
121 406 7.413890218553337
121 436 4.362671089015425
121 449 4.261890385102999
121 509 5.413192369684572
122 162 9.627736670576898
122 174 8.508483164311427
122 200 7.140967770588899
122 254 5.820788592799699
122 261 6.114850351555135
122 274 6.018268466827841
122 289 6.144105456401858
122 315 9.065193511919889
122 381 5.382937864330138
122 386 4.952289413438806
122 469 9.053815979124229
122 476 8.748266104667932
122 538 4.097636557833228
123 164 9.679352355812579
123 175 8.451718347127612
123 197 7.776546442749487
123 220 6.261818612617365
123 262 5.580112095617642
123 263 5.754467159127543
123 275 5.63159907767928
123 316 9.072351352057602
123 322 7.770444309640872
123 385 4.966541015181974
123 466 9.445739628273673
123 470 9.017186652405959
123 489 4.084452747724601
123 539 4.454762254115698
123 553 7.738269472240122
124 176 8.501920407482549
124 198 6.65911290210823
124 226 5.972297627225795
124 276 5.541936844485583
124 278 5.700223450574683
124 282 5.760578398286948
124 317 8.709647011652473
124 339 6.186212560569897
124 353 7.700547413148308
124 427 9.926956537757324
124 460 9.77054998459651
124 532 3.975879361261166
124 540 3.655730066684257
125 177 8.543636030457252
125 199 7.443097213218725
125 221 5.395074823383601
125 227 6.456289002543378
125 277 5.550404865785784
125 279 5.741661244882104
125 314 7.331430711254232
125 318 8.813643079577087
125 354 7.736933984284613
125 430 9.580348025150329
125 504 3.774354431352349
125 533 3.669458007465136
125 541 4.078406631680857
125 554 7.381373467631707
126 107 9.702924566741387
126 150 9.720837987490617
126 183 7.456656557163456
126 193 6.994427310619939
126 202 7.247970530275017
126 272 5.574772661668098
126 298 5.459355848388603
126 313 5.534851899720543
126 341 9.459694632160289
126 382 9.957828839089412
126 396 9.66392579879208
126 427 9.119613112829823
126 432 9.15923651306808
126 478 8.126005030245222
126 498 8.686664965165516
126 499 4.158498797718493
126 505 3.888690321149936
126 512 5.575724292726462
126 557 4.344426766335217
127 97 9.902864418433719
127 109 9.183883942197596
127 152 9.561075669105669
127 182 7.441240616038558
127 183 7.801321894238399
127 194 6.994794596916072
127 273 5.230626180614041
127 299 4.722552940742569
127 312 5.189350806480785
127 398 9.515291993693101
127 428 8.670252327801194
127 432 8.91656220878966
127 465 8.632076729758476
127 475 4.303977218808007
127 479 4.100896185361738
127 498 7.318715165038528
127 513 4.509496048544076
128 106 9.443160666811606
128 180 8.141575770282065
128 189 6.807618222441189
128 191 6.826687528749291
128 280 5.693687527035458
128 300 5.486611283719553
128 310 5.042679393309387
128 357 4.288060118178048
128 366 8.421085261137263
128 392 9.447942129030912
128 429 9.230526501229319
128 461 8.67477581424979
128 495 3.85632566538482
128 510 4.565320330217074
128 518 9.208780777643261
128 534 8.717082207851552
129 85 9.893542829590666
129 108 9.038055655375137
129 153 9.670687847328978
129 181 8.455163893291353
129 190 7.032594860282791
129 192 6.779241841462641
129 281 5.201151438291509
129 301 5.279197456945247
129 311 5.382621215902134
129 358 4.455905908890306
129 367 8.479310724169817
129 394 9.263309585225725
129 430 9.550699642899636
129 462 8.842920089296989
129 496 3.924856980038488
129 511 4.356071086047501
129 520 9.522125582017111
129 535 9.084425085025229
130 90 9.781426332962436
130 154 8.363286994395725
130 158 8.072725511725428
130 228 5.903898036772937
130 264 5.827937215357151
130 268 5.911854504643612
130 294 5.319000803462257
130 329 9.588469498211039
130 348 9.353224548076557
130 369 4.930779709688595
130 373 9.776348575823215
130 377 9.776348576022857
130 450 6.039365737881584
130 454 6.039365737904856
130 528 9.589857322818919
130 549 3.938463322132314
131 91 9.781426332963271
131 155 8.363286994396077
131 160 8.072725511730956
131 229 5.903898036772784
131 265 5.827937215357071
131 270 5.655102884694963
131 295 5.319000803463881
131 330 9.513178176391936
131 350 9.353224548078609
131 370 4.930779709689329
131 374 9.77634857582299
131 379 9.776348576048585
131 451 6.039365737881854
131 456 6.039365737908253
131 529 9.589857322820265
131 550 3.938463322134347
132 92 9.781426332961741
132 156 8.363286994399221
132 159 8.072725511725489
132 230 5.903898036772676
132 266 5.827937215368532
132 269 5.65510288469191
132 296 5.319000803461939
132 331 9.513178176389523
132 349 9.159649438838878
132 371 4.551026618002731
132 375 9.776348575869196
132 378 9.776348576022425
132 452 6.03936573788846
132 455 6.039365737905428
132 530 9.589857322821571
132 551 3.938463322132308
133 93 9.781426332962599
133 157 8.363286994399528
133 161 8.072725511730967
133 231 5.903898036772513
133 267 5.827937215368441
133 271 5.655102884695133
133 297 5.319000803463475
133 332 9.513178176391834
133 351 9.154738329362937
133 372 4.551026618003855
133 376 9.776348575868909
133 380 9.776348576048177
133 453 6.039365737888718
133 457 6.039365737908923
133 531 9.589857322823145
133 552 3.938463322134297
134 53 9.780684847482757
134 102 9.548636291418529
134 112 9.899991911141036
134 170 9.976847007320622
134 174 8.078817193459061
134 204 5.742015263050394
134 210 8.473410804353477
134 222 5.670048083362038
134 306 5.682073646578961
134 325 5.310278437408956
134 333 5.16002111095947
134 419 4.932171204399359
134 423 5.96918860462131
134 469 9.949957721506276
134 491 7.935573439625123
134 524 9.738441587705861
134 558 9.007892005882164
135 34 9.780684847482702
135 103 9.659601329205948
135 113 9.899991911140834
135 171 9.976847007319163
135 175 8.127665865885195
135 205 5.742015263050355
135 211 8.473410804354311
135 223 5.670048083361485
135 307 5.695363848892296
135 326 4.93105970369819
135 335 5.16002111095946
135 420 4.951352189479968
135 424 6.417894675555567
135 492 7.751512156716864
135 525 9.738441587705044
135 559 9.004367200404792
136 72 9.780684847484922
136 104 9.548636291421655
136 172 9.954451121834232
136 176 8.273442571322478
136 206 5.742015263058123
136 212 8.387413451845365
136 224 5.674895393330903
136 308 5.674270546911088
136 327 5.320061806089021
136 334 5.015045665527891
136 421 4.95347990719678
136 425 5.971755300033331
136 471 9.803673133698274
136 493 7.75151215677394
136 526 9.70508199146802
136 560 8.959499915156229
137 15 9.780684847484896
137 105 9.54863629142219
137 173 9.954451121832857
137 177 8.240080449713053
137 207 5.742015263058035
137 213 8.387413451845878
137 225 5.650496874694473
137 309 5.675886351172529
137 328 5.311127956213823
137 336 5.015045665527916
137 422 4.951249841553627
137 426 5.961160942642389
137 472 9.800846142525394
137 494 7.751512156774096
137 527 9.701830993620659
137 561 8.959772324091144
138 82 9.05269301177526
138 90 9.428015614935962
138 114 9.454985082426829
138 142 9.297355981375453
138 208 6.363096161451733
138 216 9.946326378969227
138 240 6.025563943238772
